0.010066085907079877,0.006991361586964058,0.02057505841659927,0.08637734473339224,0.09147447110648192,0.0585073691059153,0.008948905458485342,0.015514634996396801,0.0869271696435795,0.014606765994923618,0.06864053529563509,0.016548389761105342,0.04696394007354562,0.026158469182340684,0.009836659840305111,0.01626453449360488,0.014313002490427626,0.022376076084922328,0.030794015042609844,0.04238294740722756,0.04090376086250248,0.07216812175700729,0.08033940271232393,0.09590005755369474,0.08918269229001931,0.02382430945647242,0.064435084525263,0.09326528746628153,0.10855393737537997,0.022569907828579643,0.024195310991150177,0.10795584662715413,0.0218843340989569,0.036212513450560334,0.02250664171465204,0.026446404999959146,0.04584434127179476,0.0855445014248146,0.0973832545251775,0.013389797053086565,0.020716935594917708,0.01865520498693445,0.03513758073594295,0.02779810491103223,0.02314010212849527
0.022248691558136847,0.023722382264425832,0.01729937732609688,0.08285426996108822,0.06788549871776571,0.06788453264374225,0.02602270451503231,0.009777414224562565,0.06655930731605939,0.017841869710202653,0.07259676769561463,0.03351629654134695,0.03629602550190086,0.026579260760154426,0.014619732046023,0.01867309609708427,0.01589503776826133,0.02201666318604743,0.04055898699971873,0.05368349243241409,0.03541502756164548,0.05208544909400402,0.06043817391350188,0.07806216661360804,0.07012051095966525,0.024750255975853647,0.07337098608025361,0.09461229320226232,0.09448885280215431,0.03606585316409161,0.018242000720005168,0.09490807753286583,0.031588335042137684,0.044050765867917924,0.02084426478731155,0.03551772907395647,0.0546866672127219,0.08633163621343877,0.07739028409495029,0.010883638475320933,0.013971644940367827,0.02832684863845975,0.06796187340869475,0.04903171458831068,0.016436158833119354
0.02776594122252151,0.009426694352056456,0.022340347907272125,0.0770649573820525,0.13389228059895467,0.05873744175908052,0.014291123260428622,0.0219363452164185,0.0738738258013596,0.01834583651255382,0.0706586927574779,0.019887775367468965,0.036001931979512763,0.03330714801995448,0.01729536062949056,0.02021663361707237,0.02275073940788262,0.02089034171982657,0.04701281872199451,0.04559431925940993,0.025781782625127318,0.06527045918051441,0.06033445726109315,0.0839240836750124,0.09417606240363717,0.022988577884130106,0.07639730020594726,0.09015866665779346,0.13047548626398628,0.021387631786160464,0.044047758625072854,0.10123678834997266,0.02648536261478538,0.04416907352603018,0.01912888629398371,0.03329088706394814,0.0697585646444031,0.09733030796235602,0.0943332695235918,0.01862227119924792,0.014175926026032905,0.041812426359502296,0.05889644723205875,0.03340594196695315,0.020445555578638475
0.015897832649251903,0.013473623808686707,0.013039746546391716,0.056585972125957,0.09656469180959988,0.07432239443284952,0.009919830607931956,0.011883490509872155,0.09000030043680819,0.013325372342762896,0.05183634904235857,0.031981861093301485,0.05402314655669405,0.02470805222816199,0.011161977967590374,0.013317166377546272,0.018984770724855094,0.024233999824071335,0.03951424712950705,0.057220861404425456,0.02474566072647089,0.07229710519434095,0.06593819957042063,0.08294683359579877,0.09604468014988583,0.020932628382339575,0.0874500040702596,0.08075845121800874,0.11110167241703273,0.038651019713296715,0.020495251461736128,0.15275865152263635,0.024348651673729124,0.055149733506223174,0.019506395864369513,0.03564157135384624,0.059849123092903626,0.08800777375350496,0.08818941974169008,0.018092904021930173,0.023655185287687477,0.01766610412247463,0.0605869747647633,0.05321153133966697,0.01799655729194505
0.0072989295252717705,0.014371593702596757,0.022920017725332177,0.06224469538080853,0.07933228785607589,0.05391385451186784,0.012665145857349916,0.013725588743652367,0.06137160345463702,0.014333619891595399,0.08012087974198633,0.02050450247255409,0.040423891486883946,0.021510911935509292,0.023367535270320355,0.022813282965377008,0.023686112500154996,0.023295692771328376,0.03943279831061262,0.06762024831336769,0.03243243398821615,0.06628693996329732,0.06993891935208771,0.07230889290863969,0.0976028170027422,0.03062197392930436,0.06667583219571584,0.11055607167355856,0.1372200430763726,0.027133505316849688,0.029508792742161748,0.09238157211662032,0.01931777594492615,0.059996700805510596,0.014410771847388999,0.028350339788876338,0.06294164826481059,0.09031795473961678,0.0976053916744251,0.014894686028803126,0.026103821039323093,0.03899668745638552,0.06748566257902146,0.04117469269862965,0.025088066308867247
0.006865258308420884,0.007964016148864035,0.014101029806071627,0.0705257581882224,0.07467864067448055,0.06055861130578639,0.015444582168190455,0.01270878456126279,0.08982448960051925,0.01087610703541061,0.07832042555273241,0.0245882397698719,0.03790001775285115,0.02090352930707349,0.012837111249143851,0.01623640451380015,0.012306463932026859,0.018719977999229385,0.030917029500700844,0.04610346370605901,0.025798785766617423,0.06501097692591225,0.06819422301391266,0.100653313654802,0.11330160452589179,0.025393292792064405,0.05685296407476719,0.09616572689554294,0.12864845923838983,0.029075220650216387,0.027461185213927746,0.09617021235625456,0.016131857739863562,0.04553347390697424,0.014921198311475871,0.03322327320171779,0.07819774637947258,0.0968002577836602,0.10315032322806834,0.015822986385487178,0.020962377867574343,0.03230138655035731,0.048369896904796456,0.03238891825556716,0.02502647862804124
0.031912013003855405,0.020421991345109688,0.015807337642182128,0.07269745051606959,0.08583118723488069,0.06506292273927898,0.011793159033052862,0.008607847930468458,0.09252240472945154,0.014178214974546794,0.06592988317358253,0.02672137673918496,0.039691349118101946,0.029218743275826325,0.013343101741426262,0.01605123346728256,0.018619084619345024,0.019793281356068133,0.041965256938067345,0.056092010887417464,0.035266202634042856,0.0720478497159469,0.07127538955385469,0.09441689015251788,0.09400623040454037,0.022336195650310222,0.06230668015276964,0.09408019988736666,0.08968363450704997,0.025247669549459627,0.02563510599305943,0.10359216231197142,0.02069920764639461,0.04551528420389991,0.025221636488270385,0.03219302645221317,0.06159512323476863,0.09781856396797184,0.08949866584951294,0.025917525428468712,0.01799246736279297,0.024477614543574097,0.05641476471374596,0.03558545708934238,0.02290770814030949
0.018467176749602784,0.02710926644825235,0.009221317924128178,0.054874570861438654,0.0710844482473278,0.05658002229189618,0.021361840506829245,0.01507267867118636,0.11274087283148959,0.02281520261499695,0.09130413687898875,0.01740675944559711,0.03980045236981515,0.01406728947516617,0.015675638482100844,0.02358652848541554,0.024840258303762776,0.018893889700213978,0.04918276616306476,0.05727917634815284,0.029896588524982153,0.051024074798569144,0.09537594422246619,0.08661493255683758,0.09045075799358686,0.023534803833875656,0.07225044745041205,0.09346596928863332,0.11763073711464993,0.02638091855329974,0.0322137058298836,0.10997879317748792,0.022578181838305494,0.06784617756009172,0.023168809176195012,0.03661533459399636,0.07327723076750915,0.07707116329520441,0.06954302792376019,0.015734496310676065,0.017562366445912716,0.033350038390751395,0.07056078359515522,0.0443872774307231,0.012399469774802186
0.011978282211973303,0.020692072076761166,0.03420164514436342,0.08139780399550767,0.08941658091528035,0.0621449755735027,0.029910583104895607,0.011016470321263214,0.08833585895815244,0.012290994893304232,0.05966369134341285,0.027251193059376056,0.0317509958321679,0.027069190475510846,0.010655228848068547,0.01853757002872978,0.017699089749245677,0.018493106921031212,0.03741515698226297,0.051649449130823095,0.039116295656118356,0.06284527279886114,0.0460113997387655,0.09917400569168609,0.10858297440355918,0.02512262906683459,0.07132843366639124,0.10200142231542343,0.08679362230668262,0.03456300544895338,0.017241891044587516,0.10044244443853607,0.03158523834427883,0.047685490362903114,0.022415696491497966,0.03305962859579262,0.05589239637193766,0.08734697793578575,0.10705014562180142,0.020619350583181574,0.021726792680848664,0.014853984960823791,0.051466989966640925,0.052168345086381226,0.02364815941454349
0.012063558676112585,0.014934669984528082,0.011777497840416245,0.11015969450117187,0.07896046403968512,0.0565006382329303,0.024960212231863226,0.01600299724272807,0.121300436876916,0.02019985640113038,0.08377015618261713,0.02054417603859111,0.05070305027980743,0.03276569370727837,0.01268804196414179,0.021523043837823268,0.018460178975954936,0.016048160008390662,0.03264848462585034,0.03607519747246785,0.03828505008884749,0.06933999666409335,0.06962140041271676,0.09024111391941189,0.11555684263941265,0.04092967592044872,0.059855512668511954,0.0917781681962962,0.12557414212485285,0.02984349236551823,0.033643405676805654,0.10337951475572006,0.033526969693499664,0.04939834942485312,0.017927118653931567,0.03475613444847005,0.05793980581742362,0.09453940023441827,0.11532241439087072,0.02235507658213406,0.02448074295123951,0.0161176473389368,0.05410197480314719,0.04037931451488201,0.017185329545864443
0.010915081180043248,0.022889439425364578,0.008030057797650597,0.07666687056556194,0.08623049363582093,0.05244178294465915,0.02452467440593379,0.011648037241493247,0.10564475434803476,0.014948484409852622,0.07289265881957889,0.01811676912767198,0.03872454395303479,0.012798078271589122,0.011123288695203843,0.018562994995709566,0.02238646629703443,0.01592302315735,0.03537159505525541,0.07261266855703417,0.03466819816121712,0.04788093585915719,0.05680397429065606,0.07810756568473515,0.09897160112647634,0.023944528472966287,0.061831782133447484,0.09185832765947792,0.13015062733911262,0.03442485555874741,0.012372802349072511,0.10373562987551137,0.028742225662597928,0.03776267666948851,0.017684985968980514,0.058923978415106285,0.05711138804879338,0.10810174009098394,0.08082612355477582,0.015691658831801184,0.017916693530652485,0.03208289726447324,0.1021643054982391,0.04372875436303644,0.018707679979425674
0.021123346843212893,0.010294723612993642,0.014569905391582523,0.07249314287362693,0.09612309136148114,0.05211603376785612,0.023560312373635647,0.012057915973734052,0.11551893938664876,0.01639460137243256,0.05869216265084098,0.01647356499735049,0.0419472772150589,0.013243907448792268,0.010494900057060002,0.015298466014546935,0.02230694028381161,0.020550502013989193,0.031099389038851257,0.05641420144984616,0.027591698699290165,0.0724935575578634,0.049739244263287456,0.07603215669958333,0.13862959585115947,0.02291999822190855,0.10117206790980755,0.10525026882816194,0.11008520876311953,0.017608245475171203,0.019415698846315416,0.11915771548176812,0.017699010521080135,0.046062574956090785,0.026477852346387994,0.04150683193040555,0.057048866140158166,0.10579085485263935,0.09465028650092677,0.0221530549238428,0.019416860450078514,0.02546342197787951,0.04315535017036981,0.04125850071533403,0.014388112698180692
0.007383150662456785,0.016923819477164835,0.007735957948562004,0.05872798252236753,0.07033520281017519,0.07655090183518462,0.019031735683033704,0.011253313753883614,0.0957856892285623,0.017671079739139253,0.06805103309663732,0.017450797570821568,0.04443049182095668,0.015904999012891673,0.012813509412492784,0.015462204107546954,0.0180718389870405,0.010754352577124565,0.041156766139666505,0.044341343294447264,0.03403766817475876,0.07652843818615128,0.06068635293327776,0.0700196219344091,0.07078156939536229,0.019278548524349196,0.07070724097840132,0.10437707887287136,0.10542163238709826,0.030816236618161102,0.02139502937871636,0.08845350990452819,0.02063520966198483,0.04391307803658256,0.02570599144944633,0.028231184434884763,0.06787931964716086,0.08433211901345983,0.08787284391089027,0.018006794821261343,0.017107968514078982,0.01619473193867963,0.08552115952174082,0.03720971125275699,0.018499347057588687
0.03293857075469529,0.015008990100660688,0.012223372047373638,0.06789533549124147,0.10878309756584843,0.0472975662307174,0.012712049819861015,0.006494603747494644,0.1013283113794577,0.018192721689912927,0.0755973138343008,0.022165829437391524,0.035355600434094976,0.014375201158065806,0.022186701395431947,0.0222364025529842,0.018503460439915253,0.012071032680221737,0.026079998827124598,0.04585114614647544,0.03446773673959262,0.04516315684451666,0.059841666533224244,0.07051935595470415,0.11011772757035461,0.015219563261132439,0.06834971238238115,0.08609529708358088,0.0848679150312447,0.03169812592193029,0.022937909747396897,0.10971187137194183,0.023689695446197936,0.044299401148273305,0.019175507477336574,0.030370095493763932,0.05558457710386868,0.08068791972147032,0.08227522932693822,0.013636653248950609,0.01761452301903776,0.043569204058152594,0.05867577243209512,0.03578607131829538,0.028044969333192424
0.00611768282827588,0.004588414651717312,0.01597350789546573,0.08878624101245164,0.10678408184788672,0.059540631236116026,0.01689622217499947,0.014894240609947774,0.10824825620285278,0.017227531792867776,0.059717485048764174,0.01995506309953505,0.033461224045903556,0.014147446726658958,0.00820498710158495,0.01772729766091884,0.012938302916586162,0.013376004276227512,0.03277101759200306,0.05179782883542061,0.027215579068033378,0.052699508438601855,0.04700754676122081,0.0723214211069734,0.09630130897381527,0.02795069420079316,0.06824836458129781,0.08372983884835394,0.10811011651989777,0.02869057115606433,0.028317560003535105,0.08486857506844406,0.01773886736115785,0.049914439050715485,0.023134994556534495,0.04448241862507341,0.059962029582623,0.09739409401575067,0.06982620983975238,0.02796870095079046,0.01860869052456744,0.015564333555379978,0.07027240542665074,0.036274257904277345,0.02038557250066427
0.027170987365442018,0.03193125943512691,0.017034064933613598,0.0914492071815992,0.08274443643788308,0.04576104240903929,0.017266966869066678,0.01013650578297192,0.08992178050984179,0.01665279367577159,0.07861466998914664,0.021300689211893695,0.04007614552699034,0.01299755927958985,0.014682183625676172,0.0164811988374145,0.017211041109919365,0.01954083131027413,0.039295387805606256,0.055030443384987165,0.029559912606020713,0.06319567043177647,0.06114108843239136,0.08665446072568299,0.093091158451801,0.017364999677025098,0.07058292395843378,0.11751593642984412,0.0816804853767481,0.035221385544129506,0.017953826107541298,0.08731735545979359,0.026033531712410702,0.05316713203778767,0.019928638086475794,0.03466470451773319,0.05798652750396291,0.07852580014684916,0.07487923187001008,0.019708437104716606,0.017425101860757,0.017272921082544957,0.061487302097684736,0.045952361433106305,0.012994167762079869
0.00836994326345426,0.05854528329406762,0.007834108781979897,0.08209563775540059,0.08933956196283799,0.07068335261955591,0.011852598056093294,0.012580752295436568,0.07546246545617935,0.017454792967125484,0.0608477737951367,0.02268776910093956,0.04932972370921668,0.016526226052143544,0.017213744508793465,0.02333506087046116,0.02697749615771965,0.02540867966447183,0.0328392311021746,0.04012361984825483,0.03161701125865613,0.059092616730015673,0.07268621902203475,0.08354733118615977,0.10394756036210384,0.019248458973635644,0.06991719602723945,0.09252130549127398,0.11798194217467557,0.027472363816704957,0.01758435995740764,0.12040431458776396,0.016113789192176316,0.043722767692653965,0.014684008885176212,0.036635231677964834,0.055269729620396765,0.08637361838803458,0.08819675566103428,0.01754141561010417,0.02703584544284272,0.028830167678096957,0.05523001471923213,0.03718418155351995,0.014520397472542914
0.008090834611731629,0.04344574401341121,0.01677227096491762,0.07850646024021102,0.12154745823045199,0.06315883705181918,0.011541212884095969,0.015474565521249047,0.058677577697136586,0.016114011488693836,0.07197735355580588,0.01808882588486291,0.032126112748316116,0.020431967156185418,0.0056081989633983064,0.024264903077348476,0.02529185856061693,0.026227283604213922,0.04068201471761314,0.05949789725566952,0.029778576849125733,0.0707395083525302,0.0593814366129306,0.0859247383394478,0.10736957096705495,0.025146533848846315,0.07516568491063705,0.08568559251630353,0.13176615695888635,0.03620340817505695,0.012240082827474769,0.11435162406005114,0.02306166140207827,0.06729524518099157,0.012105942849023665,0.04715030357583457,0.05595472282491964,0.10499315293085562,0.11249895898470069,0.013610878994282023,0.021866891088693812,0.0205427007750947,0.048873175964053585,0.0462829170298976,0.013837785994731488
0.019226473555137798,0.010574400813751739,0.008608429341979572,0.07913252163424574,0.08143789869422152,0.06470313509568841,0.021235642716894394,0.012951628793220303,0.0824740164335608,0.01597713351637653,0.06355239165833397,0.014918221665822538,0.03473125008918338,0.012184747641033304,0.009922989945260696,0.022933915794251566,0.014541039298213834,0.014289911159187443,0.03254307027610677,0.05019851225969087,0.026661785750571747,0.057208965306882305,0.053307417017830726,0.08013794013545261,0.10556233340135762,0.017607033225240144,0.09235630621893713,0.0992652099636391,0.10261819503509757,0.03512560380344669,0.02365580796859306,0.12084181297611951,0.023203826282594153,0.04039470365246301,0.018722051149083867,0.027615926302016012,0.06212368432342791,0.0892521107087616,0.08571296031479929,0.012428206842488567,0.016613220337929863,0.016702723155176503,0.036021213461731545,0.03352397494767141,0.01848234812135801
0.020152885556966173,0.010411639927302247,0.04524425215963199,0.07576008122804542,0.11198483663216091,0.05995654393055213,0.02074574866378199,0.01833825477505103,0.09087900580277739,0.016838116138219384,0.07125950716398671,0.013461162193512836,0.04336746462318938,0.025385468487419058,0.007787190745549503,0.013419432837713786,0.011509246218445478,0.02271468084025123,0.042843131106470776,0.05159401704531926,0.026241575665809144,0.05514730445625909,0.06374095342227387,0.08888113091542692,0.09402769781416093,0.04023770746222712,0.07922733832070936,0.08045422267593717,0.11762313859147744,0.031073318345983418,0.032057929217483315,0.08876883290355427,0.017311749842539654,0.045633938839909675,0.02811774589369958,0.032414348566036894,0.06197777164013583,0.10246435229762839,0.07501356050612706,0.01112070297529483,0.023034220663144225,0.024143746827148278,0.04047353578569375,0.037817605918919264,0.02532864043542045
0.007517268248811006,0.010427024328266407,0.016202515697086417,0.09563222450067708,0.07783204123197347,0.06027541107734845,0.008451707006754133,0.022791445190588844,0.08406246722298039,0.015263390796397212,0.07419091180443177,0.02186415110733468,0.0326919613537259,0.022181455142250006,0.010359824502404774,0.019253895880016542,0.01573305882283604,0.015965814323390743,0.028439212885075605,0.06481333417318498,0.03287084907140232,0.05239663706672759,0.0805542628212021,0.0776176079253475,0.08873390710527512,0.01877786913923465,0.07476131226964741,0.09288131055783283,0.10325999110340367,0.03505248958544124,0.013061856944623194,0.11930888524119651,0.022040791729244353,0.036777596345988026,0.0217439597137562,0.046504992744655464,0.0528878991879829,0.08812014585512919,0.0922102727087665,0.01610042143711768,0.022679069477449878,0.018288403374434943,0.04682819394468099,0.02794009912240215,0.01708300019912936
0.024792628776071947,0.027219185683684772,0.008006403420949845,0.05104727293072878,0.10275666087125272,0.050386534518393145,0.013570929252262368,0.014829410108209476,0.10842339429063984,0.019568166856557195,0.059295701058118065,0.027083314950870196,0.02438079891595378,0.014608698808157848,0.014493943097610762,0.019002124449939307,0.028023673043349788,0.019548478878007522,0.0375100104604665,0.05359679689362382,0.02623417295283532,0.07061811376203342,0.06054176192381062,0.08920297256862085,0.10219008546382063,0.019283355074708304,0.059570757180301595,0.09660891638169984,0.12850778265176313,0.045518126578359366,0.017457285572613484,0.12112924550273645,0.024720067311585145,0.0425964935304872,0.015238365897120043,0.031536439072714355,0.07064124232835639,0.07575835627837038,0.060250279774837864,0.025299409216465698,0.021726787599375616,0.031472207100686427,0.05602214059536002,0.0356530158738964,0.016672583147653932
0.006359399180170375,0.018918838465147983,0.02741144044063902,0.08255699322577402,0.06335267253613819,0.06415788470221777,0.01513151991449634,0.01360529120551773,0.1287386175090481,0.022255082312395397,0.07163865323700919,0.014353557694079928,0.04013334689792662,0.012627672745177126,0.013647402853008618,0.022774724504354703,0.018246655482133438,0.01668200924782444,0.03494498906280581,0.05251076894590525,0.034431146532535824,0.060203603881909394,0.05444760175404603,0.08119939424702752,0.09552797898269388,0.024518174848979397,0.05394700151076573,0.07176812201903986,0.11258143315971136,0.030786996144290084,0.01957649732261412,0.14254436771642665,0.02215378742636236,0.052087688929936544,0.01860533873048903,0.032883152784562414,0.054373504818275485,0.0657281382231186,0.08858059700291405,0.017426216534655415,0.01779654177888156,0.019562512980299426,0.04275047906319359,0.04499723870368805,0.016364322613275674
0.010447242608843258,0.02487934748738873,0.03162403125058737,0.06352113287026806,0.07049240228771952,0.08383369222345365,0.015618789479224552,0.0065702414255426255,0.09395418974338247,0.016506017100787456,0.07138773763646059,0.020539348908993584,0.03760617083103908,0.018028444113346385,0.013811923091446856,0.013109035850890047,0.017088300911916446,0.02215062760086132,0.03161200250690043,0.04653195587868294,0.03753835459931742,0.08584537731701215,0.07339723188090876,0.07515302248750652,0.09335547492232936,0.018546096998985344,0.0453542104666056,0.08915043768963173,0.10462674057761459,0.026777932347481628,0.019072523995550986,0.09757331552889116,0.022973486165024665,0.03993438072712009,0.015000587024607366,0.0340088739186394,0.04776135299731257,0.08228075473373464,0.08698669990853135,0.012569286201069415,0.017701111249559528,0.019122908618049796,0.051977125989523754,0.03568860507382573,0.018792500653722344
0.011701658677295826,0.01168012324945736,0.02005287441222669,0.07361658163038441,0.08420948203672997,0.043823117314803046,0.011101887407446163,0.012959828654508997,0.0912883276654948,0.018641401753411606,0.07675877015161912,0.026203254185453877,0.03836797386175862,0.020006196732179574,0.011161587983672878,0.02280155236226991,0.018223729890061442,0.0190065996921359,0.04723965721069035,0.054163890669339784,0.028775658183258453,0.056327545304333614,0.07405581652825831,0.07514377740861754,0.13129009270665484,0.019869764149429193,0.06705182609680194,0.0896968055671858,0.10084679188174579,0.032251232317768566,0.02182354457410874,0.09499623382304795,0.016477274281281443,0.03498579514694659,0.019336148883709364,0.0333533881398888,0.06060633551316395,0.09047295081658091,0.10915542740154764,0.01708826105699585,0.015294595269357279,0.026098302780588247,0.03010365731452875,0.030307342626187537,0.016009999567504297
0.017355368878204592,0.017111301932749116,0.02577462850060459,0.07525386276179234,0.08833085928239694,0.055160979431239716,0.022047144677263757,0.019904729505134198,0.11570703005098724,0.012099839758702222,0.0628881169232029,0.019059326809453554,0.03644585485515166,0.02319088948237312,0.011196775149593835,0.018653469166794955,0.014711742279998313,0.010117669034903028,0.031453236599153736,0.05505342970430552,0.03381513104343527,0.08393320806510979,0.07841541442499723,0.10183952783341532,0.11292470128997512,0.02968495458897748,0.07131518675537003,0.08317676472754056,0.10406859365057988,0.022881297644828835,0.027280599863607,0.11766223140038756,0.022097187483868155,0.04294352447679528,0.013176952063792819,0.026487327807325416,0.07663672807023879,0.09858406758794709,0.09523370430649368,0.012794231815645069,0.011785674633339682,0.027445792220854404,0.07814410560370728,0.02572632786327586,0.016063964976358158
0.012177269439952353,0.02651628461264867,0.017818939157188213,0.06996325873135421,0.08402450139562057,0.08091997979449256,0.012389161339045076,0.015632234690986107,0.10375984973212857,0.015317225737544066,0.07353704141353046,0.026574765402986634,0.0311684552415974,0.014925235488624258,0.013441237674053315,0.02213773249481806,0.024823389010382668,0.02114549608823378,0.0351371050664099,0.03899301464176439,0.03010580293519001,0.08573999955846819,0.07079799021991207,0.11302358881056329,0.09805873759258256,0.017914772259357246,0.07528407690643449,0.08185344125256835,0.12948482125569397,0.02741925464933444,0.025337495881751857,0.11760448837249599,0.02990481942379811,0.04506835356385512,0.0174082113291223,0.042163836785220246,0.06214808189112567,0.08184441021614913,0.08379559876616836,0.018536901229839323,0.01681630088010154,0.03546021480154373,0.05029920684257706,0.03594017026986726,0.0175745621131853
0.01847528492270107,0.014178060608523727,0.03518548358849875,0.07701448510613673,0.09990049786547833,0.07078362233851891,0.01587182627029644,0.018803562483524827,0.08796001285027548,0.02111068291809427,0.05795914179226056,0.02571056982174789,0.034984272232092765,0.026970453681864386,0.010208776796709666,0.01854158835954482,0.025299947524983737,0.020468614957994548,0.03407798997148321,0.04754495576345369,0.032196899911207284,0.06455623536154742,0.0708310666157663,0.07837189436222163,0.11651665211305731,0.03123724588544297,0.06039226201437367,0.08812352557166855,0.1272455625147802,0.029804294333565153,0.023830978661620105,0.09975777831273099,0.020288870630488016,0.04871484846371568,0.018414025186950015,0.035640857284321904,0.06311519586168757,0.09432145231331444,0.08883241952862682,0.014266013537466832,0.020444287524236503,0.01753313045991876,0.06152924138414117,0.035677359125309026,0.023298032904856505
0.012503283288646088,0.018220381487794403,0.018267955668717535,0.06524024628429893,0.07558916045314167,0.060415081382974,0.020873535715808165,0.017712182639711468,0.11228753830145019,0.014005931194003497,0.0689044079380575,0.021078054382386174,0.04498585791378609,0.01300235916673178,0.01539775734375275,0.015536008756674165,0.014592382684579769,0.02426352268856605,0.0360572968790537,0.05626606600852095,0.028921580653210203,0.07740554801869318,0.07082522521508464,0.09507721498601585,0.07709240218349057,0.03390590525975098,0.07294157373432646,0.08875714271632515,0.12266722291167598,0.03315350817126435,0.021664259016232174,0.07041327574384842,0.024578006746056476,0.052458960891705306,0.023120759800146856,0.041826773270976364,0.07928366211561963,0.08107678801677197,0.0910990181890133,0.01956837246319928,0.017006545855412416,0.017805789114566574,0.042332150569474876,0.0323884342700452,0.019696074060822757
0.015921676659144745,0.017423676426079227,0.028280431406206265,0.07332597934022039,0.0888143959104747,0.06764534883096124,0.018298506775242866,0.009001134487928924,0.09829132638058836,0.01377515196273383,0.07100940567062113,0.024578728628522194,0.03987798171207819,0.02093068556126574,0.008162869435383918,0.013771132302166325,0.011100034130775096,0.024409149740256597,0.03369770063885613,0.046528706655607696,0.046502456647924795,0.06836689485157146,0.05855202448543512,0.08645226131131487,0.08970730268583603,0.03982032820777486,0.06871292362355641,0.10575830356976998,0.1106380808345353,0.035397818961202844,0.035492252265062016,0.10265060826569855,0.017367132236440846,0.043162603457121716,0.01777226953294121,0.035680068952380455,0.057072007790167634,0.07529800588691134,0.09790700166775927,0.014575722070288753,0.02193445493646374,0.02741315683083468,0.051649566452230414,0.026448568967700054,0.016446466515880824
0.007698104844091293,0.0174195017182668,0.016214213897940245,0.0961948365110806,0.09745104490552474,0.05099294962674504,0.01431860378055521,0.025902390819462575,0.09044873217747525,0.011674290250214157,0.06395163946570824,0.01589908297158284,0.047129448986064776,0.012172397945435733,0.009507966341006842,0.03064761402491998,0.01861490001235333,0.015737312129968338,0.02908475093453656,0.05670867030531923,0.03258390035400708,0.0737826767835688,0.05644693699565568,0.09015518624988297,0.10214820886586969,0.017885501546021157,0.06207633526853698,0.09224884663226823,0.11901591341532025,0.01934979055370323,0.021160201786593533,0.1007678278328823,0.03631168032859414,0.041993483979734444,0.025797889419912345,0.04551610156680851,0.06950490222653863,0.11002397458863489,0.09238061492302888,0.024816756554855105,0.02967315304457051,0.022138867334757516,0.0560099311759626,0.029246067427541298,0.02435122637816276
0.019670755428924106,0.01761313829061987,0.012685301967450881,0.10825332643069195,0.10372999566802414,0.08155283897790143,0.015604563966582191,0.01864121058503933,0.07919046386137729,0.014512780247577104,0.07058388538762007,0.021552973392953187,0.042836503591124946,0.018634546109003395,0.01648077199771453,0.017014832533948695,0.021093733786311613,0.01873531790394018,0.02683275701415326,0.05025882683672952,0.02946558112790049,0.06014647957084138,0.072712070003218,0.07486622320288794,0.09579485560695342,0.0188798129914385,0.06098741611900987,0.08812822678676027,0.13502704973468274,0.02478323831581337,0.020054510066107135,0.09731191919843532,0.019427668714970557,0.04698692219451592,0.020733885981383853,0.041667193792546846,0.06247777855809106,0.08238245280306226,0.09377707078728377,0.017919103260437594,0.02238841080458724,0.025662004438166658,0.04533905675350795,0.03161544025542272,0.02132377165649497
0.012505327311006596,0.014680937855224825,0.022026135918347293,0.07172485464641336,0.10954181286883301,0.058655158187978444,0.020408294255394043,0.007363537092926205,0.0846197154352955,0.01683663089787421,0.0775790519695885,0.03190577181975778,0.04263209661297781,0.018661642242338888,0.01651525536597881,0.013219147468378467,0.02327137797398363,0.012552257048445262,0.04148044514764688,0.049422028138202664,0.041814712753330256,0.07186487633955888,0.05678473694531778,0.07363880163500369,0.11755852316471853,0.0269055974921716,0.0575485324330643,0.09333157508951329,0.12093151110969409,0.03205851058041223,0.018052354340160916,0.09725088088638165,0.0233291296594026,0.039124748742624955,0.015539083261710123,0.029555759553409763,0.07139953517108304,0.08919608253264218,0.09644923470430111,0.01290038504599682,0.018958919171666724,0.032192183671975114,0.08205975739700236,0.03155757069583521,0.02099366372176151
0.01453529095552002,0.015016886347002874,0.014081360934998082,0.1014252072767452,0.06661049643404511,0.0792068396751898,0.022306496452659183,0.014295994282107732,0.11312288876003883,0.018212690737800828,0.08184602200924204,0.025225464386195766,0.046804589194274465,0.01766711131790037,0.013277432741262578,0.027103372493622005,0.024543610547959033,0.028836838340537692,0.04401379266195323,0.053370554305693874,0.026711391886800905,0.07886270470283493,0.06537231068530207,0.0824626600146859,0.0926249810940879,0.029777227063350908,0.07448150688966707,0.10940409989128051,0.12247525766650537,0.03305563164804679,0.01437081550024538,0.09909119637798992,0.02110288572370987,0.04160676777943427,0.022172426887656485,0.02920016998911152,0.0679284120959504,0.09716499689999908,0.08887130760532776,0.01747843970903393,0.01761809260864487,0.019151516798150223,0.05203261686513163,0.03856068451076043,0.01932257729884158
0.017777680718969718,0.009980139126680753,0.020636545457148138,0.0641059831374897,0.09125101389217807,0.058738358839801996,0.012119565026002367,0.011242582951013142,0.08376172387461348,0.012938021643523846,0.08089252647611214,0.021279849731718897,0.046382318471551665,0.020962759015226262,0.014323401403842953,0.013479956332404779,0.015319967630232013,0.016026731324575525,0.035084526999722025,0.06059733133241471,0.039306400473036615,0.05883490631240123,0.056960395879019465,0.07514864357839209,0.09080796291434175,0.017937132498785015,0.08187311056185165,0.0877960958689016,0.11915376099669062,0.025598886148039523,0.016121554471252093,0.10077370092100355,0.027037442012126444,0.049290190724402314,0.021828911858343004,0.03693511473302186,0.07022493807236928,0.08391460051694635,0.09563966768014592,0.018209017574062295,0.019670487016547018,0.034710189160799626,0.06226150215693937,0.03889154064885135,0.016590244673213256
0.014849237301818441,0.022944175357736532,0.028315162652649994,0.0715973612165997,0.12218305109810126,0.059596514026162145,0.010167154907807358,0.01609421925571856,0.09411939439808731,0.02570884695781836,0.060614917590337596,0.01658388764518857,0.03853795534185261,0.013467069594337078,0.015745280054875098,0.019055526615892174,0.020288954475356908,0.01222374504298937,0.040286274199128946,0.04093562767973496,0.031090012760697793,0.07695199629084315,0.09082460562146813,0.09200339000760886,0.09798880215671296,0.027923382457589293,0.07660232701759807,0.09540354383056517,0.10183515381475665,0.048083379943828546,0.014687728609690209,0.08388925218259013,0.04366451694119441,0.049763651609214345,0.014577639112526158,0.03786807948373219,0.06629366404175464,0.08465919482984163,0.09870241973461491,0.013723332238268857,0.013172975492137246,0.028213711643107705,0.07762117908276935,0.043885123104519745,0.020591978982238145
0.011738705214197573,0.021878597631115,0.010304441029503305,0.10860344901671597,0.08659972329342679,0.05924353720009825,0.01720058561911035,0.01774253637007048,0.10019833593355042,0.014264560512302132,0.0709035234663582,0.025674443356670663,0.03655104573456479,0.011852886384302184,0.0114862193953338,0.016894252800910087,0.010515163091397987,0.0164915955827048,0.03891853365920241,0.058401233728671266,0.028674464501058143,0.07201541239271131,0.06665956928871751,0.11859922217779732,0.10122717640646561,0.03002518219997992,0.07872380894987802,0.09470997598891073,0.10365576177631926,0.025699133109989034,0.016398774078533736,0.09540708722618403,0.022364383180369037,0.04659672720043905,0.01889583352784799,0.031522451376645506,0.06778867580478232,0.0824565794490209,0.07589317587309027,0.015894198158131093,0.018173288223855343,0.03120408843703278,0.06038402169878298,0.026512255198424713,0.017468072068269544
0.00825296717148011,0.015963814557902634,0.00914476058655469,0.06978620186302549,0.09444901061599452,0.053539077161188366,0.019754734529889646,0.018735948423939084,0.1165818836545723,0.011933751529536145,0.06848900650739038,0.024429240013710305,0.04848163286640538,0.01664820837634743,0.012560755372476704,0.01894657151767984,0.016997358829817778,0.012950792114587164,0.040200389972889924,0.05489567494602668,0.039803732537391084,0.06320727905804265,0.06958950631530669,0.08503268860087722,0.10557573172619564,0.013852738781586067,0.05297618121928077,0.09373006201612967,0.10978015625602483,0.04052757042513203,0.015900328524796455,0.11392813763696873,0.02460567300662275,0.045583791423459676,0.015846684490790505,0.04208166407995188,0.059809934574363496,0.0925812896833708,0.0915576631225374,0.021153675564884088,0.015728759675710177,0.011942331564759618,0.055521051229062285,0.03667170694608711,0.014800024408263826
0.020870020842811678,0.022745324633517725,0.015232291853104051,0.05423583644685438,0.12887907147301836,0.06968025422332387,0.01968364141594196,0.007916186624620505,0.06289072844939209,0.014412103466945238,0.07390199212725322,0.02092837640893693,0.0335722471167255,0.01921079366833803,0.00750915263287483,0.02052770169026367,0.01847228398608835,0.023735344976609785,0.04775972730543795,0.05981844451328649,0.028203180255390016,0.047884135646406756,0.04996608810307841,0.08596346175725723,0.08666823090370354,0.02199973266907858,0.05057470539028467,0.0977151045355324,0.12655660331827884,0.026803952445316217,0.020959658275266517,0.10540929023627786,0.023272010856334898,0.05030479794803425,0.020643922405157347,0.027527375805037686,0.06440252846828402,0.08691368845354429,0.08564138889367967,0.011961688462327556,0.016144847473036333,0.01648638955236791,0.052178960630793955,0.031607827257936046,0.01577758423613974
0.020222487534503883,0.023155349816619958,0.025391346074956436,0.05425093377198223,0.09580583232647964,0.07730649939386226,0.015569217402396045,0.020374685270337062,0.07922396868190248,0.013324567379017122,0.07820255577967178,0.025934390536060545,0.02746468521128507,0.023404325163043138,0.01466704580242594,0.01861260659976566,0.021174896575880328,0.03501171271401392,0.04229785508144738,0.05878345215569445,0.03322026193992458,0.06361992343732764,0.06695597380179599,0.08004587512005668,0.09142266673543369,0.029543736516702026,0.07252628413710101,0.1120514425832207,0.12472999437511377,0.028141813992808157,0.016732696388406246,0.10846110870005757,0.019810589672478417,0.03945850239614137,0.018406195400677863,0.033502369734762553,0.06880782347255182,0.08039867976003102,0.09921090193507304,0.025564985551246037,0.014305431581367066,0.02117183989563297,0.050856883341588256,0.03680785941632427,0.0118962462673207
0.019928695745491488,0.01386648950367656,0.052496291639856654,0.07512734083822716,0.08295270153371334,0.060614398293407465,0.03956112004105348,0.016641670621466348,0.1265364101867889,0.017280825254220342,0.09338113758553311,0.020418264014713212,0.02427187537799934,0.016149856984982575,0.013266740950981659,0.016586189297686384,0.014495810096855499,0.022064477263502788,0.02912262233454223,0.05748942150162876,0.050333595068700394,0.051411761741165636,0.06207533609129993,0.10176350914222038,0.096929267977532,0.02433437946204358,0.09189396558920032,0.1220552498985221,0.10990870895582243,0.02511301478252517,0.02328527273680131,0.09615452759447868,0.020627932304702775,0.04627933639458521,0.017896023098751972,0.029552953332167523,0.06981062519313534,0.10417652403861305,0.10843705106584599,0.011910152182676532,0.014412465571447925,0.01872446423068799,0.061098345236399745,0.04937717982240906,0.019361720464711164
0.008246391049370564,0.014170285280625345,0.009397208609435251,0.06972354006184411,0.08739639321584036,0.053800048373031366,0.01975763602115744,0.01562170013075793,0.09443358236128424,0.017045510281602543,0.06369347848210226,0.017376898709783428,0.042372208494655915,0.011179556106959402,0.025826211919981443,0.0167940315465254,0.018949341604377754,0.018674774339103018,0.03768659843587359,0.058113298623685514,0.0333539633636794,0.08513257475359728,0.07015495084857806,0.09654476511547067,0.09021574341749734,0.029639786043028173,0.0648029646133386,0.10818642210643525,0.1100791727434572,0.05005823414200635,0.032072961189357534,0.09043607310297325,0.022154397991680293,0.0348901004097974,0.019678053848757922,0.03372324330093814,0.0654529032928108,0.10902164688707085,0.09953458103116439,0.008767197247433507,0.017303264957357456,0.02818037889260967,0.06683986038696098,0.04537845649426003,0.019918303224696583
0.023787482208816976,0.014096288125710477,0.023790698435013777,0.06750779926209284,0.09505740560707211,0.04904174310711887,0.024600366442305302,0.013327263819838972,0.08908393731683713,0.023030872916504602,0.06691876642579163,0.016921176277473384,0.02716133765857106,0.014756016227462374,0.0109162674736818,0.01631718003931318,0.014041451729055365,0.015002427080798316,0.04695334011296502,0.048274883465422073,0.030935250313460765,0.06878691105034947,0.054238677026527744,0.0831257565447399,0.09675477419146931,0.03085942775981579,0.08320857897886212,0.09485682153326816,0.10444452836197143,0.02486120062778106,0.02778141530586606,0.11897377195342916,0.02480369407746666,0.03731968184063142,0.020470019385781,0.027624284026200117,0.06441286458655401,0.09059046441744142,0.0627558259647575,0.02382141649053213,0.017316476746257952,0.02245031631451649,0.06386965513076914,0.03319747377954786,0.014435070792410598
0.011469283233220297,0.01370914516231177,0.026506780392325152,0.08763035504725664,0.08567163254567285,0.08042400709151491,0.01646449743458156,0.01596180343298762,0.08177521412279733,0.011045452095577769,0.06885185931753394,0.028422805609039536,0.033162763052690926,0.021498611361908407,0.005999048987928852,0.01320367112117001,0.017091201757401864,0.012183012595666955,0.0365563082496124,0.05220089826582996,0.01985211550907973,0.04930851719997798,0.07862741933932667,0.09282991705307449,0.08673299322412681,0.021011649831546915,0.08618150055486372,0.10107017234594602,0.13198133845360507,0.048895077821215216,0.023667738643761798,0.11717461534028918,0.027161900601956366,0.03677126796376406,0.021910045644117856,0.05156404025072096,0.0558065159843432,0.08394221113335254,0.08177334709488929,0.010462761853731666,0.020518866576831225,0.03694659083960558,0.06519231696389435,0.034975881555671114,0.016915559005602016
0.00794744509805444,0.01620302070574815,0.034211086394546585,0.08684307596861421,0.11168544974971821,0.041958224082184796,0.013240043330658532,0.00655731569163866,0.07468794612869914,0.02208940424339112,0.07910021043394572,0.017387444183838478,0.038325740302198485,0.019112940097004677,0.019060918378545573,0.026757388015798887,0.019908823645015224,0.017800611449852292,0.04463146998968919,0.04201114857933426,0.03184930629715661,0.06564524485461275,0.06012836372119419,0.08325909388096366,0.09771694691401206,0.028872567751143382,0.06345382152578448,0.11981917356763289,0.10481902633213509,0.027800718732342033,0.03172872559147362,0.10556582555081093,0.025598445294688882,0.04886649514886232,0.020887662828167244,0.04613765250496349,0.07122844889525543,0.08597989766677888,0.06405535890026111,0.010512246607316676,0.01275179914360858,0.027085382765329718,0.048605330682600506,0.02721468516987712,0.02472953685133037
0.018094936078280333,0.009918054631446105,0.04494816033250599,0.07763802352611839,0.08781618184899954,0.058291284258555225,0.011949371157126106,0.017832209182849067,0.10987927533204918,0.015956279863263496,0.055335667613648304,0.019661810691204786,0.043320364381521,0.020626567436301847,0.01507391803961711,0.020737673597177132,0.03433018627917549,0.02229652454613702,0.04817129168549687,0.04404715454317549,0.03401750464323092,0.07435600998319324,0.05889154191579375,0.10793488776199922,0.08375357073250668,0.02483510091114118,0.07899775131990232,0.11485788387173579,0.10878969444220446,0.03684839686798339,0.024643767332491264,0.10166079401084606,0.024310417338074614,0.03978547485272232,0.0209033805647159,0.031396282732756235,0.052768368365171785,0.08679590713051741,0.09953426593850136,0.01644784341637554,0.019941357297977445,0.017006016955758013,0.0674790712324865,0.030861156081671417,0.01488388279620541
0.010130348479519874,0.01237107276738307,0.019357063846845747,0.055697617468329796,0.09700903732642271,0.06102523774615873,0.007584902465908799,0.018635123881241167,0.11610412511866378,0.012461902231499268,0.07480997283101011,0.028348586708919387,0.03596532020323066,0.01787766927690121,0.015148694951650362,0.02051406081171497,0.014952666238028772,0.022287481353040543,0.036016787711013826,0.05001315699482161,0.02538438475543077,0.07496182235721495,0.0677420749935003,0.08640996185991635,0.1004267642599302,0.017214528867431175,0.0709851799727196,0.08630356245882552,0.11738821910997692,0.02544732746662009,0.02087927225541392,0.08608943186104329,0.01789393283407126,0.04810221806653979,0.02139366360562762,0.04299327416336869,0.061504988723627814,0.09282042695202629,0.10175418487343729,0.016582183494721334,0.027168974078429206,0.04833942503239785,0.05924812234020406,0.04512754122219955,0.02678222584496512
0.016570088592160345,0.01345902524110193,0.010657862809533876,0.06823531845596185,0.09005965586363647,0.06087338271290983,0.013259515165201309,0.009861122767612075,0.0887579307518563,0.02319984319236825,0.08021259841600238,0.03394250440122301,0.04370959938001894,0.02523007341760557,0.011302974213751194,0.013660209207608905,0.016868187898751313,0.015278464380200578,0.031128223680952298,0.0453169589146043,0.032962215997349706,0.0619551704598394,0.0680784522406606,0.06802194616200585,0.09929387565249492,0.02547757085007993,0.06220746791346942,0.09156899480327985,0.10605263405961451,0.028507169771479216,0.024723591257216366,0.1199958276194518,0.020058742645364825,0.049661134246296035,0.014945323806495884,0.03799754499618652,0.05740985345187626,0.08740056211571487,0.09613649333519318,0.01747354988096549,0.024508242068068058,0.019022617669814047,0.04503821338811233,0.03191604336111961,0.019561965319801082
0.015204757711444937,0.021786523921193644,0.02141461618798973,0.07115827561564109,0.10310953987586531,0.05146061284437856,0.020908204867233653,0.0077082357873961916,0.0697873258603941,0.017401488283499397,0.0749953051183776,0.042278868578674626,0.033330411263650585,0.01680440403947341,0.016562286420454004,0.020091546902638882,0.018426664223506695,0.016776671447074648,0.04036784733937155,0.05752635517049593,0.030964252848670427,0.0680989978824812,0.0596972274342495,0.06928947954181228,0.10702086611957647,0.01900652887909966,0.07769516477776416,0.08178693641026759,0.08943770301780739,0.02802216128334977,0.023995365208121885,0.08847785095636806,0.02463635734848712,0.03684523028552975,0.018564652614244722,0.04151516678945635,0.068983236875846,0.08154716918192302,0.0897809795461305,0.01394545137544605,0.025512633317169013,0.040460493856810664,0.05776099477709244,0.026701604526524546,0.016785371986758172
0.029181072956720122,0.014502439293530647,0.02681281047631405,0.08615565596164283,0.10417694478706692,0.049686856677727834,0.021609699854132556,0.01294420016638087,0.0633614729967832,0.016368905340168945,0.056579334942934684,0.02881591570688235,0.03814317242990478,0.03562420268951611,0.014418591673191754,0.02421592190485709,0.01648316469399428,0.01848994773573374,0.02970650701512367,0.05593298637073887,0.030632611123179696,0.05449766575818764,0.055447295946127434,0.09426618424851982,0.10136208241027103,0.023270880026672883,0.05201208089979667,0.09412449370203664,0.12776593755623153,0.04319034421271945,0.018531292726118104,0.07446056145447416,0.019436327942638245,0.03983159652165725,0.021273565488779195,0.04270731612066785,0.062385340108032455,0.08724528193894107,0.09540986804447403,0.02084879723042578,0.017469313614196562,0.025610870673545234,0.05700546889184913,0.03322670605350665,0.0133154769211096
0.007041102137845332,0.014537466666466351,0.02097879686773228,0.06829318418101478,0.06919000387698522,0.052138007446539986,0.015208235360540641,0.009462015720621537,0.06656066059416016,0.015904947485093513,0.06540905556175174,0.028091873483765736,0.04344117664562733,0.03418865471041422,0.010986043508209257,0.014240333300200267,0.022380673812457938,0.0245855882463025,0.034368926157301825,0.05690775497163156,0.06375732652426197,0.05806669249796203,0.0644125294041098,0.08262331238406989,0.10145994419581565,0.025517297702537613,0.07045129717945317,0.1000134463363453,0.10968449644666742,0.027058741569906338,0.009471602655799372,0.09792228260935514,0.01242765235575469,0.040310896200310226,0.013641414071520946,0.02880759911064672,0.0580453475569582,0.09068327653104409,0.08302489079976347,0.021893853771396382,0.020420643174972018,0.02123635780382911,0.03512260560745277,0.04119415768582389,0.024891761173647536
0.009068359265047605,0.02110045092054853,0.010713406883433148,0.07319185462629975,0.10076833067318293,0.04690536965407643,0.011662506909693417,0.012518852303643756,0.07055877665683441,0.016044037930128652,0.07188037126388368,0.032062027309255677,0.04511680878915841,0.017048074751859214,0.015353552145200976,0.01954566675658692,0.01872150426974776,0.02160647622404714,0.048939609505846395,0.039498205505450815,0.030425686273079712,0.06709784771315382,0.06404789165759503,0.08953222706136646,0.09583794781845008,0.0164978325788634,0.07246427823938205,0.08677555383577681,0.09541562228237875,0.029124193383181764,0.01623026243140292,0.10445845475445475,0.020603304203340948,0.041426066766226996,0.016056094576500837,0.039425993105795615,0.06175094482526753,0.07336914271305198,0.09976729410781213,0.03027793461624823,0.03214346420072147,0.023317008828833186,0.049407709380039834,0.046251436806062966,0.025075436938433684
0.02133659503385445,0.01688246946362103,0.0290073353291417,0.05325075777441561,0.0930622341616351,0.053783656565238855,0.007589007655019291,0.014755175000107031,0.08405807745549874,0.015773854094910004,0.06363593965041021,0.02925158320587241,0.04785348808563537,0.03435431385124594,0.00832746319148401,0.031635967784640895,0.01677047806179976,0.0203837347110122,0.028907627458752843,0.05692359715730645,0.04264831455803224,0.07714021219259909,0.041059014095011226,0.08309594848132132,0.119892182240802,0.025924921613671482,0.06278193036620498,0.08620938205953962,0.10231044504165766,0.039428132129186264,0.0262300235907984,0.10795426580963724,0.020019473773763858,0.05296372608343696,0.024047727583846823,0.03622135897444232,0.05836507350378499,0.08909448839087,0.08882090854134203,0.011447212051152204,0.011139625982829927,0.02462239980836063,0.079910041315981,0.025626107605192603,0.02410650875161581
0.012013063522602736,0.015711625866703355,0.010300323385842938,0.11837541337037746,0.08703117484062124,0.06130336513013649,0.01765533527425431,0.022832611997098646,0.08126087007085832,0.022206232621255994,0.05811781519956663,0.018032190799707058,0.03585372298884597,0.012189747760433182,0.0111323199580584,0.014161204212261696,0.01669275047172797,0.025984870013993022,0.03533900072779266,0.047568865121371484,0.035626981093849514,0.06371052983559658,0.0526377794228163,0.07574750259831718,0.08348394873255816,0.024482347422459215,0.0528228599161119,0.08965059514196357,0.12102168860297063,0.03238864075191351,0.016196459644774477,0.11125420113837661,0.027550766323887817,0.046143392180254074,0.01875537059548865,0.035964572782544585,0.059997202354345025,0.09042541619443799,0.09101278011544729,0.015225993133081006,0.01734054838893991,0.021605800223142894,0.041063913845396725,0.03569204758194289,0.018581144283753966
0.013999465670584278,0.018536294021783993,0.023109074686832445,0.09865110483885706,0.08312568994218378,0.04673400786870784,0.020638480172984027,0.009890848772188782,0.0814454963250685,0.014653277056300098,0.07771247772022205,0.027304522035564244,0.03539924462545602,0.02891867211175047,0.007648105116281359,0.022840026521854913,0.01422925150598215,0.019397251944208205,0.029921028515750996,0.04959865858058773,0.04076692116094385,0.05753743021188305,0.056543980441244146,0.08213742510054385,0.09471759312234271,0.021030872944247277,0.06858291676654668,0.11969268573660927,0.10234066041795094,0.03719083674374211,0.017408625984616833,0.07680178672341557,0.02962378029520005,0.04241138014483445,0.02255034382248014,0.04093513069202878,0.07126960675027075,0.08002540177861817,0.08602640479709572,0.017493589234441064,0.015188822208947631,0.030024594295772755,0.05684712547213517,0.04232915880494617,0.029765615414681555
0.005761740618225158,0.015650822800203877,0.014398340324415296,0.05971228592823328,0.10497630583523541,0.050656638616277776,0.0177573688067606,0.008998042728364743,0.09107097142714188,0.01737591817648817,0.06834325951516268,0.015270093523347796,0.04206513497094343,0.01436021484751338,0.009725064757514577,0.023771800049377567,0.021646114547481773,0.025376139969128807,0.03744497482944163,0.05322254862185189,0.03360607803576766,0.07000693285104612,0.07089244833490593,0.0779888962370241,0.11234448969696109,0.04062079994730402,0.0614739808507988,0.08200215590187325,0.10596684518689317,0.021910205149307426,0.013094130850385011,0.12277526000813581,0.021590691335945697,0.03608107071602722,0.024610101668993835,0.02487298301060498,0.06006935294687531,0.08637069256434907,0.0856722361997204,0.01991324331931716,0.019749471886107848,0.028611600362244114,0.06448009495392723,0.04735195520068792,0.0157629435146498
0.009527848288076408,0.011807152438200021,0.025391955106332718,0.06533540266046683,0.09327588463018323,0.09801717839510271,0.016152925565390802,0.006919485535099981,0.06371804860176847,0.013765765156529993,0.06793767584369742,0.014301475970909926,0.02145860527980897,0.02334279388561791,0.01225748714231106,0.017331106502014717,0.018416172680938023,0.02606294667141283,0.03891415787696335,0.045989535755071656,0.026877929198319224,0.06043262002174271,0.06841955846127214,0.07862893566786573,0.11375273153783022,0.01953130551634915,0.065221050985692,0.08848909840903905,0.1289866504656619,0.030794676559940812,0.016319412808590984,0.10002405557932165,0.027425923094698285,0.05890643504347811,0.016677596171854606,0.04008874800865199,0.06303037311172034,0.09339488178817211,0.09996004126209648,0.020332951146749618,0.0269268556497275,0.020359385987131884,0.05380231208315455,0.032533912069059555,0.01790814653104521
0.031474144877753844,0.02093430779897757,0.02091516108940352,0.07158449767672696,0.11364673015027303,0.0519052958038205,0.018377082131154344,0.019324918663344424,0.09198163702359846,0.024440892443660486,0.05732868272694721,0.025602884515965343,0.03261915787480227,0.02346696907690923,0.010926806449564787,0.016907886094178443,0.028206332113200484,0.02215831993753565,0.03282045193930057,0.05122248758974573,0.04194827902558176,0.06692658045158922,0.06446089983493918,0.07426371883641207,0.10176549150076238,0.027727473026813148,0.06332700517694588,0.09235241949206498,0.11234728988319696,0.017281903880424544,0.022236896935536342,0.10262181034055226,0.021646642556855913,0.05327148116760909,0.02081490533330375,0.028772128617431714,0.07775895775767869,0.08717161279212159,0.10495677601513782,0.015009487495726287,0.027566291642756473,0.03073989081272491,0.06149957703140318,0.047980004417227655,0.01892893463213454
0.010401663366280992,0.010102246609321401,0.00928887863297124,0.08345666689347642,0.09571297412684221,0.05638627299462245,0.01739878206510819,0.01604207495306772,0.12990652401358224,0.00960078971425036,0.07553703175403063,0.022413144001078834,0.02760172641925211,0.021381891526926405,0.013359391244870155,0.01701506231438379,0.016390361733572525,0.013739652906458878,0.04536528670808279,0.053471889171352184,0.026625196987111147,0.0550635508469588,0.06404127402085208,0.08460896858527843,0.13278320855850267,0.01957356066594697,0.055943228857818716,0.10147694686048897,0.11757022440804853,0.041728844704815124,0.031359631759697706,0.11627339959968354,0.019143704606184014,0.03865311147403657,0.014935525326867573,0.026791786055187332,0.06295965417198034,0.07656747200363502,0.0832537095983271,0.026520478558836068,0.020909772761025024,0.029374557237988406,0.06413930116229216,0.032285724882502156,0.01625207328160621
0.028024501117274097,0.01307613238936296,0.02028400155071606,0.07862973151939667,0.07801465034513033,0.06997144589923505,0.019009967565215113,0.021848245988017125,0.08579913139137964,0.012510590942337705,0.06762228033193916,0.022040194623575322,0.033602612763672095,0.019597387067055872,0.013019952737088572,0.022458434030393937,0.01568765876130103,0.020128736034165387,0.03310047967418335,0.05780336430092655,0.04013781477377571,0.059704575083722365,0.077143788354905,0.0900514193051173,0.08998685700201216,0.02520209867979786,0.06868220571358996,0.08382160430297605,0.08855427007999435,0.026578141727011267,0.02519462429209936,0.09910461162740249,0.022578834501511248,0.037926112111220836,0.030812185665656282,0.03153993917069015,0.07172802776093291,0.08314044652095827,0.08692842323245227,0.014370143884784697,0.021681139473399565,0.020611337423648582,0.0409508210477323,0.029133854733905486,0.021889938224440603
0.022304145282491028,0.023698195350527175,0.02683731538204763,0.10075797183257995,0.10699142739265535,0.07230427331535423,0.012315520101708215,0.016720328987250326,0.09556406408874646,0.009320131877996646,0.07038885251974174,0.024946225922626415,0.04613565668495591,0.010931711345558813,0.024592646544024824,0.015965261270809564,0.017676921225832053,0.016709072492055985,0.035781174087759826,0.0706473180084238,0.026316085899963624,0.06521689104475499,0.06191716485469027,0.10612902296267887,0.11588656746005778,0.020387626559185797,0.09131497885493686,0.10959507228426747,0.10944705361927913,0.04583240684971874,0.020612000706212368,0.1018715351012078,0.02317617039312315,0.04121998469350267,0.02918176904481615,0.03574823673942594,0.06397659836487046,0.08635656942095035,0.08480343251504124,0.035327469445762295,0.028476431461820096,0.027994043035348366,0.05362549917152517,0.037965521103464926,0.03985867936176064
0.018453567390925532,0.019378848595592014,0.027131252831036557,0.07844938085733788,0.08495952698444283,0.07538164489788673,0.028923509674320953,0.010473300739377585,0.1275974115563002,0.025443661763686207,0.062098470056473495,0.029822372202251694,0.04091926027439759,0.024280623879886457,0.011987060387881967,0.01340319893816113,0.02380484316970735,0.01937736985994726,0.0433098208442243,0.055340269425257375,0.033910401832346136,0.07016560269540167,0.06232394019913693,0.09708435000848929,0.10312888503983184,0.026094783240755533,0.06414743378519762,0.056417146284949364,0.09297158853834112,0.03382054347683276,0.027400348731821983,0.09992570249220788,0.024547613554898016,0.05211609516380609,0.016247438694409477,0.03150857013659719,0.049804707647506545,0.0858322147821332,0.07759519553336047,0.017818364019289865,0.024670867955803578,0.022701391902406175,0.04100514631102806,0.05169588319961078,0.026652080873568795
0.018720079767112808,0.022681455378777568,0.011966688789489234,0.07808869546647756,0.07971551629025513,0.06461326038352705,0.016402255270921203,0.022297817190366824,0.0835566034056897,0.015197714225413514,0.06542487295811261,0.02149399737624577,0.03743078002528621,0.025590253689305925,0.009976446717707234,0.022840898687106766,0.014110566160571334,0.030014396567484815,0.046657793482845766,0.05467859611996659,0.02654635527751117,0.07913450260605084,0.04384572751185966,0.08451400350589333,0.09881996435274891,0.03382337185303651,0.07079684148340906,0.09102822433658765,0.13147497745332523,0.02619947598078678,0.013198560730353534,0.10215618895591143,0.018371714460550033,0.04827897168047233,0.012207719907127022,0.04276436056681281,0.06866104578785091,0.09303617806670822,0.09385421359179466,0.020655679159331003,0.02188260468743428,0.03313519664073951,0.05362242852202335,0.02891297377108983,0.016311236803280546
0.012251353518166736,0.024527166580271965,0.01961389455187514,0.05964489064075595,0.09308950053454322,0.07152699263390368,0.01778696191321249,0.01906140096047805,0.11807573653991747,0.013877268262713467,0.07398382830096283,0.026939556573386616,0.039117303430925114,0.02464224514938957,0.027898795157678652,0.018111108427020333,0.02326063665682327,0.021477303793159187,0.04353932511365256,0.056593836024277346,0.03357528557765512,0.059110422495771975,0.08123573004969112,0.08059613492180191,0.09317314460346128,0.021678408190730088,0.08139326816267245,0.09923431896385704,0.11606224014606524,0.03926756559282075,0.017323399357603426,0.1081624291225765,0.017410241621550488,0.05118941692180757,0.02519403637192956,0.04471408007295838,0.05489137188064358,0.07508897059929878,0.11872146256439924,0.01833694098303819,0.01832388649514885,0.023675886667230195,0.07258736627265917,0.03962244717431779,0.02229521978841179
0.014339329701850307,0.01818420421523012,0.022640064189444895,0.04925164357040293,0.11500869400140751,0.04000266504242662,0.018422864583356225,0.00860501285735064,0.07001543944706855,0.013339786209301948,0.0615195082666427,0.019139776014771258,0.044078599106387936,0.020923071597548176,0.008862116899305246,0.01732796434402528,0.019842761397357,0.0154512812857768,0.03669503867480241,0.057390966472052864,0.03759471610305583,0.05950785440040513,0.09145303072545044,0.07756582793412174,0.10844411647282647,0.022426959150689478,0.05965660471748201,0.08663356541456853,0.09786184627517058,0.03763879890986501,0.014431623802993825,0.11606369001367503,0.019931108705664002,0.04702093391939176,0.021950586338921163,0.052549776776323956,0.06521031795182038,0.07907273244215196,0.09539218049363887,0.01648199711859424,0.021032306695453397,0.026141663917628222,0.044245143985359794,0.0397479116949361,0.026841873699236983
0.012132454580069067,0.03247243133982442,0.022748518786697272,0.08278999077391515,0.1022769146079395,0.06812624013212702,0.0089764801824012,0.012262174763687206,0.0855132321611668,0.018899655049344457,0.06291691218614862,0.02007228573638971,0.03198253251603216,0.01917338003174037,0.006027461778220861,0.012997125505997393,0.012364232036495424,0.018105216571447855,0.031748587293119294,0.08119556143724438,0.026279340268138718,0.04462501424866736,0.06379854954282131,0.10083616011596162,0.08209073821580111,0.018246524976467948,0.07463852831187193,0.10036565701480263,0.11363276744370336,0.036616036990947946,0.014828185398843952,0.09220012553991633,0.02103904984785566,0.044315967269913166,0.012819245902006008,0.03510464180092996,0.0687634688631751,0.08225415202969999,0.08406123259835066,0.018077785927972902,0.017631849614084465,0.018918487995016928,0.0602819214514001,0.04491091208793261,0.01545791328938377
0.017380083681724518,0.018051034126047954,0.023657247920483997,0.08285528161158985,0.08448916831234599,0.06636295866865136,0.013871968512290452,0.005525313357590146,0.07837986599054157,0.016262297747094312,0.06794023125398814,0.02796377765627359,0.04109030316184061,0.023012299307222848,0.011936145370766182,0.011254893007266887,0.01877941483282591,0.015273914464117825,0.04124102926811626,0.05382534717723694,0.038246029764057436,0.06818745751251254,0.07978696220661514,0.08150304333265145,0.09651601942020097,0.02699741459290083,0.05805508275129465,0.09056553100050564,0.10921798406573456,0.040489804589925474,0.02178152038451284,0.10254401778862551,0.026841332425373985,0.04147388297521494,0.019288608961845824,0.02699949210695473,0.04933866503379738,0.10184138028840124,0.10213465998012776,0.016814158883812196,0.01421223354239169,0.02518645168366458,0.04947059822421177,0.03545324247687399,0.02761397365254447
0.01065101068491399,0.012635086713969986,0.03039725343292507,0.06458832513472544,0.07447212521990267,0.07289401931717025,0.016575778479042486,0.022054167050114155,0.0941085674926081,0.01747435257257081,0.07331013355183215,0.02624563263342698,0.03816534933488145,0.02369855295788074,0.008966407509225383,0.01665349452118316,0.012750069253231654,0.025072945635497494,0.033838875976829934,0.043856513201300976,0.02487927925910679,0.05946421439390396,0.051446938142738936,0.0962959797729803,0.08836671012696524,0.029950988347731317,0.10112814346111144,0.11054048677501213,0.1192724476621967,0.03605498010227822,0.025801317105602694,0.0897122199010283,0.021010850374768075,0.04252967962685803,0.020356257389164353,0.036314104043954895,0.07243442672061878,0.09085322980932228,0.0996090193127915,0.020890046480870585,0.016454040397276534,0.020634598283817775,0.06064062063410303,0.043409889967115305,0.023034426335580033
0.010008641267162728,0.014965105426093256,0.03282006259646501,0.09873728563755159,0.09498171086891105,0.057547462921185046,0.015214298228050753,0.015566737866523878,0.10965426336439728,0.013274273764745811,0.07880622012411415,0.025583301424605086,0.03405696478832674,0.01605398419485246,0.014794432806440093,0.014210397870310799,0.013652999588173285,0.01072536290045607,0.03887412310314647,0.05779097380271878,0.02634924474597673,0.057480360562921134,0.04702343304668638,0.07816044545035375,0.11813138960858247,0.023505383797205546,0.08555114240632283,0.11003639232615735,0.11204919195352918,0.039544291925791265,0.014832174858509656,0.09700033418134431,0.019148009998961428,0.06444567711121359,0.0156607906834213,0.03786379167909287,0.07518714246930779,0.09178286281441954,0.08605730928306722,0.013278828330147395,0.02990010703636491,0.021044748835949752,0.0712132509639326,0.043413338097130334,0.017417639179301773
0.021235395870120424,0.026207841370578612,0.015452842077793188,0.08294923666310586,0.0827725868913823,0.06798264380756604,0.015791752096828843,0.017414023029529678,0.10330811128438694,0.02116005014717063,0.08300010681970384,0.016940486635015004,0.03400864373166688,0.026755672932545875,0.017785750552640717,0.021418798821938537,0.019379833154568704,0.01886096402184418,0.039856374234848335,0.052531785620762224,0.04054911643659311,0.06859894968583694,0.07209981134493637,0.06606153327458299,0.10028668168819647,0.024362767250710952,0.08406037584689136,0.10192584541910044,0.10620475305738378,0.03145076721229451,0.017470093663500948,0.10129774553153675,0.024655449251693214,0.03977020687224286,0.014865047726796667,0.03435766976049441,0.07534117546183638,0.1101851965577684,0.08593327167143003,0.018026888604050457,0.016757834387803986,0.024907903459653075,0.061765991773895204,0.03705841710933944,0.021570448640822172
0.01099338262065524,0.011273117913971578,0.0458670301519305,0.0847844339683535,0.08825739957454536,0.05361883849699049,0.009740185138030906,0.013986012756587191,0.09842287257976945,0.021267410612078024,0.06472437541596555,0.023415005051099877,0.0334095283733619,0.013653073790125753,0.012696070603320527,0.020274281639887416,0.01899855332967879,0.022303625172833585,0.040086458595871295,0.06316090298963604,0.03823010008330939,0.06163561581014763,0.04551947595224936,0.08866445646494836,0.08377348613211048,0.016607802078165465,0.0777087520705826,0.07918482505174171,0.08670147660756228,0.036941135974150975,0.014376709664369878,0.11066254487051663,0.015893642550032158,0.04079255003616288,0.013425707968968036,0.03197308014479851,0.0752028618878019,0.09207901397873415,0.07547788738936784,0.03717717680737517,0.020552957333295242,0.018447580202326112,0.06504631207879201,0.03934416874301575,0.02576720595332866
0.006930224677588173,0.011199651597450299,0.016234600245462295,0.04566719980163472,0.09596229169550896,0.056389218676617885,0.015993497765382135,0.008047648928452793,0.10059101342089372,0.009648390693160397,0.06814710593980862,0.029990351816065866,0.04708088711178887,0.019613203569275005,0.013308288578132047,0.013075270593403193,0.022001716987925423,0.013634267155175035,0.04360060740561613,0.06452339886346913,0.0329654308022649,0.06710596894400109,0.05730217927998719,0.0827348014378101,0.10919417066368173,0.021658693670176664,0.06286838452084895,0.11554250654641786,0.11346486216578024,0.013661381603902432,0.024503299866448953,0.11642418681072356,0.019351180817387636,0.04650134648258087,0.017413962670523475,0.03243546738320018,0.04835501602724825,0.06630584757492523,0.06178841731770598,0.00999472881831232,0.015582288845575745,0.029696623939933626,0.08931041815342172,0.054905164397373515,0.016653975033026784
0.012740108666913719,0.016525450835386278,0.0181613861143934,0.07005625966957722,0.09283301233179429,0.06012377070817342,0.014504536139533841,0.012846275874683224,0.08774130548158204,0.01551785158463981,0.06627631887581899,0.02203726992584596,0.03915335214545976,0.019255040801863358,0.01237420951052878,0.018682595425986936,0.019941968861563915,0.019425167613974167,0.037010340793772314,0.05171606932106952,0.03065185116346255,0.06411420795967616,0.06191986888816792,0.08466053903122207,0.10177101109767157,0.02721880071247537,0.0634342474528737,0.09190608577125577,0.11551129031998772,0.030201315878107243,0.019497915908157634,0.10579541352021371,0.021591401285078627,0.043814602720541426,0.01838806357500803,0.033888683455625686,0.060317848897015,0.08748180466403813,0.08229739848673005,0.016271384328224666,0.01936330440058106,0.022912521853291592,0.05424847691564044,0.036100527160682065,0.01835334566799759
0.010540108847662532,0.02651456348124163,0.01922464315688142,0.07165721216983585,0.0843912214359246,0.06379745657130073,0.013459534999809486,0.011253626712815087,0.0970997277624359,0.020018882264397773,0.07004447226051436,0.022077422038737297,0.04122362073920266,0.018427036005122067,0.011594677523591898,0.01828678462289439,0.017905047343638274,0.0147328809760343,0.03182082604292502,0.057170400388939835,0.029177681885359616,0.052415834683446114,0.045990198222534924,0.0789268523721548,0.10127617866445403,0.0198846907377649,0.07296637192298468,0.08913715252473838,0.1212943961421564,0.03545151335948721,0.019966806148213702,0.08941065970978197,0.018594768841679207,0.04477954552480479,0.015087601752867786,0.03188768224792818,0.060291254792693406,0.09884916827687014,0.07726699313475775,0.02371410503990609,0.022889173122664114,0.02666308600759803,0.06069630800114069,0.02843909032240666,0.019990071147124647
0.01444049225273453,0.01242232260523841,0.02351977173021799,0.07154108461936774,0.07816497282189203,0.07814584827793454,0.015764691818047124,0.0201250742644659,0.10278884266222865,0.016499171627729122,0.07252367314524515,0.020960112403891677,0.04428414853249384,0.01744275208490989,0.017687079868227887,0.022330919293225993,0.01709599428926995,0.021874520620991524,0.04299673316048966,0.04543964390807244,0.028866316419212303,0.06073625665203962,0.07471403018371056,0.08261456960967163,0.09837022091441437,0.02025226797744682,0.07024433255847821,0.08227165543198112,0.11538360616949085,0.03853579810167959,0.025408268906120326,0.09783028073489304,0.031533892829045944,0.04361042204708403,0.02631431843320494,0.04336981152720381,0.06976229428916371,0.07627494956731033,0.07004968492266378,0.014112756254714165,0.017394903637857895,0.027145539072317655,0.06020321147909493,0.03868296148571811,0.0153380936219223
0.018094032998866756,0.01501139233873068,0.017709406119331583,0.09664068978953205,0.10498054072987738,0.05058365790912856,0.016296446549097607,0.012979418858829686,0.0812875615460422,0.01696951150460762,0.0667618266603046,0.03461828868762037,0.041366173889980394,0.013761322648229426,0.013152645016847866,0.013818386897108076,0.013864217881936921,0.021459766414891692,0.03988830122537459,0.052252186223878956,0.020272377371761803,0.061188880189285325,0.062349222768741254,0.09884434585275248,0.08526236635424321,0.023557553103441518,0.06650862697107075,0.099340061291831,0.11048686876627473,0.022107523150484042,0.03240164006329687,0.10543391484246221,0.02051147130800875,0.06339334454935237,0.019478091926946533,0.04243827749833872,0.045927517019369216,0.08525241254549634,0.09621800835406127,0.018244123275368788,0.023701412793959563,0.019056231399056142,0.07502917964033935,0.034916669122357406,0.020541651870513586
0.017633028606021568,0.02382998332517516,0.021795511544943826,0.12022415753060141,0.08250812170984012,0.05648877210870781,0.018906395288614288,0.012763968658325799,0.09057054144328568,0.018717781068076315,0.07252720492355719,0.01831902335857632,0.045793279177923925,0.01996823663269424,0.019204528807384363,0.018641005957121166,0.020923607038709133,0.018872758993879465,0.04061960667812773,0.06489772423718956,0.03688230374367961,0.05920416367875734,0.06545574731226472,0.08302776118720315,0.11428269846026595,0.02952477660575643,0.056723759654798755,0.0915056782033584,0.1158811568539492,0.03938377577476088,0.0291828325873503,0.0994415008713417,0.029604745132919,0.04890411747699755,0.025619231570381564,0.053990762233865064,0.07201640976092434,0.11596254296940345,0.09430235196956503,0.018666910601063257,0.017654272357508653,0.027896180288569394,0.0434446170763696,0.04299775709401181,0.0232094344828864
0.02636662929153144,0.032256683267589494,0.01870551788457302,0.0977085453248568,0.10369389311842524,0.07568298303462928,0.016024276169322584,0.020868181166491726,0.10800617165419696,0.01417602671314279,0.07567442881464365,0.02201400358780673,0.026029824518819425,0.023604100589352223,0.011323135994156438,0.019962907987340548,0.02620453882150536,0.01595017374418127,0.02949536545302357,0.04887695877313999,0.029459844439336344,0.07451861939548478,0.06668189425432694,0.08673471711481964,0.10382075944178061,0.021438245456918876,0.07226927163992042,0.08996905677497948,0.12631714222917415,0.030587244886913292,0.029652460945969173,0.0888960594463045,0.02374119232652304,0.055076045508267966,0.01917541235603924,0.04045555214520506,0.06418894009757309,0.0984372460754998,0.07580485409582383,0.019310534822325625,0.021387562023727266,0.019623918435598804,0.057318726694476185,0.02999032681347695,0.020233671425328874
0.006170098321452535,0.01927692478865097,0.01800453534520717,0.05912018744055201,0.07318805629898033,0.04228539733522179,0.013857429701475904,0.026228842540058677,0.060008609097176036,0.013320457211618463,0.05469584035061616,0.026585299831266045,0.04145619942137688,0.013477952567609676,0.01831775436894953,0.020035241818950816,0.015463403692079441,0.01341011130078422,0.02968115968854102,0.05169831431257109,0.02978120576443875,0.06026320312137681,0.0669598112494608,0.08722117210286767,0.10521710076522627,0.018577053525827125,0.08540101130813665,0.08984849478006228,0.10543135930804325,0.026560984675057884,0.026883552031960467,0.12921264077121736,0.024439065577332646,0.041819317790510666,0.01468772035650516,0.032256310398147386,0.05312952015033201,0.0946258595725462,0.087005580178353,0.013024288115365032,0.01744144889909159,0.026709462718242007,0.06198356871435434,0.033487246386729556,0.024113198273525
0.010363286275449926,0.010638577313193866,0.03639442130855955,0.06498746956691076,0.07689515855997504,0.0531882185131597,0.0194620623754751,0.02297657014144475,0.08073159070425019,0.020258916200363828,0.08196827842685274,0.02514438582324632,0.039045807644785206,0.0302726930486287,0.01592081468583971,0.018544769057558277,0.017979732934173605,0.028563122236544114,0.029594840079351283,0.04052187022469849,0.04249603503604501,0.057835100435576936,0.06944585302631287,0.07316116528727766,0.10767027400650936,0.02544276617676747,0.059602910883982334,0.11238546953939305,0.10706132280568634,0.034374192559200586,0.020834555086091333,0.0937935691345549,0.03177275350173855,0.05934367238422508,0.0182028626020809,0.03280652796159144,0.06666988834120284,0.07735201297023041,0.09505791763852425,0.024432001005295138,0.027271874597187596,0.035651632170294933,0.03947651387467987,0.03129215793038263,0.025473054130628427
0.015936459245889885,0.01426757534543202,0.00828393888755684,0.08193955031041754,0.09280727890678507,0.07041809038965259,0.015533102274714092,0.011554212360333105,0.10203232801418144,0.016961978920124417,0.07066307801548184,0.030064256206930907,0.035867979879952085,0.01742852270987225,0.016535326148698244,0.01376777689165138,0.020986542097177253,0.018913170582984064,0.04432118694189348,0.0635825857506605,0.02985787262975244,0.06349942464937913,0.07890304139404263,0.08804679967815364,0.10370462066654969,0.02945813303587212,0.08173205174863607,0.10228334288890895,0.10076642865049118,0.038628719690036346,0.02722780161730089,0.10925053257894987,0.02426459593465727,0.052897960875879294,0.027082715520759797,0.036968693476036596,0.0804847108876072,0.09592996866797339,0.12371904750856659,0.023722745421249365,0.024891506011649345,0.031308794063337565,0.05388605809363032,0.03352825808307656,0.01965435780903781
0.010181491036143839,0.018681447935139737,0.01803633869013801,0.08416609268584488,0.08559211057472658,0.06615757800356178,0.01822735161081737,0.011763235450082324,0.07298786580158813,0.015498090360168356,0.059206128695524336,0.033380354278314206,0.04384112214919425,0.021412746786324856,0.018621862466858558,0.01875739487541026,0.016774747288848153,0.017900579788561858,0.02689249771138194,0.0381169211617101,0.03474849937229792,0.05771643690277834,0.09175832528458198,0.10155773488169166,0.09546239699105309,0.030416318487025015,0.06329861950912352,0.11126918968561263,0.1307256998409743,0.024455305751455936,0.02081013100183249,0.10433053033830433,0.023075991592405084,0.0473570989881266,0.016552219340369555,0.031863904590985655,0.06839467751701457,0.11643908666452649,0.07661173750489009,0.018161695915680977,0.020297252959409845,0.017894770271908216,0.0521883256557014,0.04608765005772088,0.01881213953379849
0.014020523172150828,0.017678320954723103,0.025410231370376766,0.05926699021146669,0.08414986201344865,0.06873921740020744,0.014028975551433655,0.013815715854901076,0.0907938758693112,0.019214960265236194,0.05294614202214519,0.021129054573632764,0.03809773794421329,0.026298162300605585,0.01340930140716504,0.02183367305937519,0.0222174928975653,0.01897944677596751,0.04403615748367674,0.05728223222633411,0.0388431943643131,0.06566429098359229,0.054685311670438955,0.07165326968569008,0.10368895414637136,0.028322615742175233,0.07669420583256262,0.10008394021651178,0.12102735852569677,0.02448389549683889,0.016690069343138353,0.09282931964383588,0.022190764304587312,0.05674056902120582,0.01836306563219008,0.030903390965912454,0.060301753687308814,0.08256440250378458,0.10916738643372656,0.025244993747518325,0.02356106560575589,0.019473674119650487,0.05249931688824587,0.03129215002944431,0.011490943404282737
0.015595167672952388,0.013666834461477958,0.013169885009842943,0.07911527086833153,0.06755431967694196,0.08237381597769587,0.014852941073441818,0.015116698055669406,0.08032691104482562,0.020180776493130055,0.06661305875279686,0.028314376812528744,0.033638615486156584,0.0265818551350746,0.009879944109305273,0.01636636736413568,0.014318371600288086,0.014092799420060488,0.03825435522907606,0.0545130136594408,0.025325824465931547,0.061192860645551635,0.07112743693169357,0.11113288515160262,0.12032122298155645,0.0188855150742408,0.06597603422599034,0.08678111304510139,0.08686683667082008,0.028519796960268788,0.020230100204671524,0.1173168535089542,0.02125164546749794,0.050451092448180496,0.019982217213579238,0.03762421479889218,0.06737753131158158,0.09188118251074795,0.11291303701351084,0.02334687915432938,0.025757703690777872,0.028750318568715533,0.057921372336261316,0.0436437797070545,0.01694454478064207
0.015063906700544718,0.023462561406320744,0.005556646878051834,0.04967294055165372,0.0802540038059543,0.06722868689123127,0.013568689488464326,0.010307480331873677,0.09270107355952877,0.014729115770507555,0.07168480300143609,0.020722816665045395,0.04002291179712084,0.015654061098139493,0.011750323546940044,0.017721813848300474,0.015372589374267123,0.02086343452455508,0.04002686450689646,0.059987963346799344,0.02815041860237768,0.06197445897531989,0.04884340486847385,0.08911603697571918,0.0718428716503104,0.01789655744978382,0.07354765187241702,0.08537994182920082,0.10272744100251886,0.029818487238612645,0.0092236762712358,0.12154007500868456,0.0239897470963089,0.046128093774331254,0.013654065673904455,0.04079599516314903,0.06354230688559707,0.10944463755507057,0.07154580827541646,0.026523270421774398,0.0300768854266352,0.016405680995013796,0.07742682981189569,0.035475934547132486,0.017290582911137845
0.011388075403463056,0.01523986313055526,0.011612747185697622,0.06411661621727374,0.09208610744733325,0.07389178061181959,0.016980909127170554,0.007992219583797977,0.09534840216869252,0.013272811113552649,0.07731407863274256,0.026174114943604585,0.031092058593322907,0.014557814386912884,0.010744865084665921,0.015486956931451877,0.01166142608268182,0.027467407082813453,0.03566465920809594,0.06854007654235124,0.04325273294389188,0.07254736415604288,0.07648914105915386,0.09778514341547476,0.11574578229683435,0.01809224252193102,0.07071391528553768,0.09642967845626597,0.10424617802068084,0.02808365578520824,0.012921007575096148,0.10314952054790441,0.02845647558960129,0.05546212906978205,0.01372751471853554,0.033637450510250154,0.05912253110998594,0.09201717704437234,0.08843909917786576,0.01963403709616539,0.023522575532802858,0.04410654314262038,0.05116758173552928,0.04265341085096247,0.01659429960063087
0.01086017186839128,0.027309231664584578,0.012042348339816334,0.10734663264522105,0.08844063898517592,0.06722271572998834,0.019903086388503667,0.012493816219886857,0.08956715351733023,0.010624770423703514,0.07120274473779195,0.017303812604568,0.036123595247495144,0.013343682795050356,0.03071368505532996,0.018788343069598232,0.020331507246529705,0.01695691217923964,0.04920339194366499,0.04301289406776273,0.025858327091362335,0.0803261192451007,0.06648532376049532,0.09029643857986595,0.09342727061533465,0.021300057539557778,0.07485071527367068,0.07861055356993912,0.11311612833471371,0.04008216744891152,0.019785121877468975,0.09670794415339118,0.024517972472109604,0.05265876812251715,0.022256216766862787,0.04078979904397651,0.08772041796380091,0.07960613266496885,0.0908875868823806,0.017682836143041777,0.01535753006432981,0.03482519856885092,0.0532345117574437,0.04350756958775736,0.014282339746558874
0.024098779147579998,0.013570373262399224,0.013218288381483345,0.10372842828398784,0.09326742658852911,0.06602459700077065,0.016877233811580822,0.018079755588086655,0.07243170220512872,0.017001512056794926,0.0644038916089481,0.016709765858466886,0.03626426118863497,0.01545982466111051,0.013607096553717444,0.02298898767140708,0.02176759888983629,0.013991355654694669,0.04425920290578022,0.051641402006848226,0.028489707309743834,0.06338811594334466,0.06980698235287797,0.07969307878108439,0.10662577131860215,0.0203224365448554,0.055620353565595686,0.08828409177295088,0.11697642140865204,0.01738281843836313,0.019465281084161005,0.10958890756237466,0.02010683295827917,0.051367296913047276,0.022281075953401952,0.03493440042742052,0.06416432737342216,0.08569259342873241,0.07277161158053871,0.021843261857184403,0.017259170166239998,0.023482698735735566,0.058415733627151765,0.03365074446907638,0.016206755671315843
0.01266178338188048,0.013816946503348996,0.035113420624501346,0.0712259034341269,0.09161935817371188,0.05145463201774706,0.0119831651660619,0.007897320661636231,0.06986290093684797,0.025361865279807064,0.0663895726528381,0.020285971748662944,0.048556601137792664,0.014569539227833515,0.008211900562228374,0.014686174867106525,0.017512461176426457,0.012211951441008773,0.0362407851449043,0.0547055059936811,0.030464581422230918,0.07441070401855326,0.07252019788525173,0.09582069801302781,0.0886757893300869,0.028028714156128266,0.06593285067794928,0.09617346811698868,0.11123768387977989,0.02855845810966225,0.02254389625544225,0.12345548581174175,0.020354691761887804,0.04197474491448926,0.014932242611807806,0.0396020932897964,0.080948525663301,0.08787819137506711,0.11025021110557967,0.010181301593692975,0.014720115916285893,0.015677401553284096,0.054288046564508675,0.034156428808464354,0.011304283352476048
0.012592594047690768,0.013544113263617272,0.02322907175836185,0.05686542974921098,0.08689629431468514,0.05886650543800994,0.015584403823163784,0.011071693823604827,0.0760263481675187,0.010208419319777172,0.06571292579679831,0.020560933373175175,0.04139684637161755,0.01679940353218296,0.008987266533840188,0.02092603781203764,0.015361177596065275,0.0172957403355852,0.031008864699539264,0.037531616329262524,0.035552600179400755,0.06627986731054203,0.07591396132432301,0.07826672181898965,0.11279023086750457,0.018935810593125615,0.07129690469686159,0.07559746135170746,0.08260326644612503,0.053014596283810445,0.017736044279222627,0.0979446170410539,0.025922092968786496,0.05330527801836149,0.021169170182668427,0.03802391811473839,0.06338355931260463,0.10479347939604294,0.09498406106388148,0.018026955898895983,0.0158437874080392,0.013868822289912435,0.06361100169288472,0.02728532526810424,0.015568480174431711
0.014218304551843109,0.015176185005815883,0.009482449178606012,0.09240158829527895,0.0824033688478331,0.0438612612793663,0.0153332798518146,0.014462071375071722,0.07435652294812732,0.010675965135048723,0.07750594951432546,0.025743213227479612,0.03905256105650309,0.025300845656854355,0.008995366878987313,0.01029498225186564,0.020064892818044112,0.02708668909987971,0.04006707783531666,0.04399772916194355,0.02785195081921413,0.07218045776782359,0.06137349202061117,0.09009608357441291,0.08920215873320175,0.05117560437975836,0.07273744234440402,0.08597718207517273,0.10412862489361584,0.020011640468992047,0.02504081934710225,0.1061883156848412,0.020849249911842806,0.04800229514542034,0.015601290875295975,0.03889185545125138,0.05283156331668819,0.08510089308584827,0.08094965452847419,0.023447869694499923,0.02738224651379851,0.014365728579886536,0.050415065843719784,0.02689045671079957,0.014705645308402978
